function [score_params, erf_params] = loadScoreFunctionParams;
% 
% % 2012_03_28
% 
% score_params = [...
%        2.0073,...
%       -0.9337,...
%       -4.5776,...
%        2.4859,...
%        2.3694,...
%        1.6438,...
%       0.16044,...
%       0.40247,...
%       0.41356,...
%       -2.5904,...
%       -10.556,...
%      -0.16997,...
%       0.67416,...
%     -0.026092,...
%     -0.014843,...
%        14.125,...
%       -1.2807,...
%       0.14121,...
%      -0.29142,...
%       -4.6595,...
%      -0.80928,...
%     -0.064664,...
%       0.66817,...
%       0.10152,...
%       0.64005,...
%      -0.53614,...
%     -0.081869,...
%     -0.026121,...
%       0.98987,...
%       0.51442,...
%       0.88428,...
%       0.58803,...
%       0.15475,...
%       0.19986,...
%       0.40695,...
%       ];
% 
% 
% erf_params = [    0.49122     -0.12497       1.2187];


% 2012_03_23

score_params = [...   
        2.945,...
     -0.86486,...
      -6.7537,...
       3.3788,...
       2.6734,...
        1.748,...
     -0.34794,...
      0.18475,...
      0.39429,...
      -2.3824,...
      -11.789,...
     -0.16401,...
      0.64036,...
      0.16389,...
   0.00084816,...
       15.623,...
      -1.3767,...
      0.32551,...
     -0.12869,...
      -4.5999,...
     -0.98269,...
    -0.064517,...
      0.63511,...
     0.070277,...
      0.50286,...
     -0.58773,...
    -0.078529,...
    -0.012394,...
      0.95929,...
      0.54722,...
      0.13862,...
      0.14929,...
      0.25751,...
      0.84072,...
      0.25428,...
      0.81428,...
      0.24352,...
];

erf_params = [0.49156     -0.12433       1.2131];