function coeffs = loadScoreFunctionParamsOMX()

coeffs = [-0.28414,      -1.3592,     -0.10114,      0.44392,    0.0032438,      0.12283];
     