function [score_params, prob_params] = loadScoreFunctionParams;

score_params = [...   
  -13.6093,...
   15.1972,...
  -27.2806,...
   67.4129,...
   14.1971,...
  -18.6331,...
   -0.4189,...
    0.1134,...
    9.8346,...
  -37.3103,...
   -2.6548,...
    0.5962,...
   -0.0061,...
    8.1919,...
   -9.0845,...
    0.5711,...
   -7.7602,...
    0.9036,...
    0.5899,...
    0.2101,...
    9.2129,...
   -3.4533,...
    0.0409,...
   -7.4901,...
    0.0992,...
   -0.1416,...
    2.0444,...
   -0.2466,...
    0.3548,...
   -8.6819,...
   -0.3760,...
   -1.5263,...
   -1.4969,...
    9.1350];

prob_params = [0.4958   -0.0971    1.1812];